-594
-425
-479
-405
323
4
304
-446
3
-795
440
439
828
-729
662
-817
-361
-488
-983
-516
805
579
867
742
-361
-699
336
971
-344
948
553
-933
610
471
-25
-79
-213
-437
541
411
788
163
-910
-249
-826
495
489
111
-571
-194
883
-672
742
-908
-317
-255
106
-831
183
-743
75
130
755
805
450
71
469
-427
530
949
-476
978
-244
-538
499
-989
435
950
-108
403
195
-262
-794
-868
-214
148
553
-495
868
593
429
832
876
-986
300
438
111
24
593
-43
-468
902
173
-376
-914
-696
364
209
-698
500
419
972
-506
516
-850
635
190
-924
-469
434
772
650
540
283
-390
-265
-873
442
-869
533
908
-742
132
-52
-438
-317
53
306
956
-895
302
-889
996
143
715
307
-41
-371
920
-515
461
260
-288
-195
-895
265
56
684
81
573
822
917
517
-434
140
906
-37
318
-120
246
-629
-70
514
387
141
-835
-418
-696
668
-850
-44
-668
-210
-881
629
-868
-510
-967
901
481
661
-366
-4
-167
-175
-421
743
57
-734
544
-133
-422
-322
621
-912
-449
-626
760
250
962
-545
-341
148
456
-876
664
-423
508
-832
-17
272
939
822
-795
-406
867
-142
-277
968
-455
184
-756
251
-601
307
937
913
910
38
-960
957
-910
96
-404
9
-358
947
-847
471
318
778
-254
755
775
-136
653
803
331
-90
394
185
154
-529
-431
-674
-189
922
-26
749
544
-739
-404
-290
434
-840
-846
221
540
-481
-607
-784
425
-171
-358
-170
-1000
832
-44
169
539
375
74
7
510
-851
-798
385
569
639
174